20211024
20210926
20210829
20210725
20210627
20210530
20210425
20210328
20210228
20210131
20201227
20201129
20201025
20200927
20200830
20200726
20200628
20200531
20200426
20200329
20200223
20200126
20191229
20191124
20191027
20190929
20190825
20190728
20190630
20190224
20190127
20181230
20181125
20181028
20180930
20180826
20180729
20180624
20180527
20180429
20180325
20180225
20180128
20171231
20171029
20170924
20170827
20170730
20170625
20170528
20170430
20170326
20170226
20170129
20161225
20161127
20161030
20160925
20160828
20160731
20160626
20160522
20160424
20160327
20160228
20160131
20151227
20151129
20151025
20150920
20150830
20150726
20150628
20150531
20150426
20150322
20150222
20150127
20141214
20141102
20141003
